# BOSS DR12 consensus (Alam+2017, Table 7/8), transformed to y=(D_M/r_d, D_H/r_d).
# Order matches `boss_dr12_dm_dh_over_rd.csv`:
#   [DM@0.38, DH@0.38, DM@0.51, DH@0.51, DM@0.61, DH@0.61]
0.022162259573 -0.019696328993 0.013517970964 -0.007842995619 0.006418190372 -0.003483445475
-0.019696328993 0.336733906245 -0.016284811722 0.13337106412 -0.012364394085 0.060240653374
0.013517970964 -0.016284811722 0.033380758737 -0.020043778419 0.020255938932 -0.009956137824
-0.007842995619 0.13337106412 -0.020043778419 0.222455711897 -0.016044725147 0.115647764858
0.006418190372 -0.012364394085 0.020255938932 -0.016044725147 0.046888747527 -0.023463319454
-0.003483445475 0.060240653374 -0.009956137824 0.115647764858 -0.023463319454 0.202487076363

